x,y,z
-60.761,46.317,6.344
-61.9,45.726,5.634
-61.671,44.226,5.463
-60.538,43.793,5.252
-61.893,46.461,4.296
-61.263,47.786,4.633
-60.131,47.375,5.536
-62.74,43.441,5.558
-62.639,41.994,5.416
-61.952,41.646,4.102
-62.216,42.262,3.069
-64.036,41.334,5.453
-64.704,41.702,6.667
-63.917,39.81,5.391
-61.068,40.657,4.146
-60.337,40.249,2.96
-61.16,39.37,2.026
-61.576,38.268,2.386
-59.054,39.473,3.329
-58.243,39.201,2.073
-58.232,40.257,4.353
-61.393,39.878,0.825
-62.128,39.166,-0.209
-61.509,39.702,-1.492
-62.114,40.51,-2.196
-63.624,39.508,-0.164
-64.385,39.029,1.084
-65.834,39.519,1.031
-66.506,39.501,2.33
-66.841,38.394,2.978
-66.564,37.214,2.444
-67.456,38.467,4.151
-60.295,39.253,-1.79
-59.588,39.732,-2.965
-60.003,39.115,-4.292
-59.759,37.935,-4.563
-58.085,39.56,-2.775
-57.296,40.204,-3.886
-56.756,39.486,-4.743
-57.226,41.445,-3.908
-60.6,39.948,-5.136
-61.07,39.517,-6.442
-59.941,39.048,-7.353
-60.105,38.102,-8.118
-61.837,40.652,-7.121
-62.688,40.186,-8.286
-63.926,39.425,-7.839
-63.999,39.029,-6.655
-64.825,39.219,-8.681
-58.794,39.707,-7.284
-57.673,39.311,-8.129
-57.171,37.934,-7.748
-56.825,37.124,-8.609
-56.533,40.319,-8.007
-56.873,41.665,-8.557
-57.085,42.747,-7.707
-57.0,41.845,-9.928
-57.425,43.991,-8.215
-57.341,43.083,-10.453
-57.553,44.161,-9.595
-57.129,37.671,-6.447
-56.674,36.379,-5.954
-57.699,35.327,-6.344
-57.342,34.233,-6.778
-56.515,36.406,-4.436
-55.466,37.286,-4.061
-58.973,35.672,-6.19
-60.051,34.763,-6.542
-59.959,34.362,-8.021
-60.124,33.202,-8.358
-61.393,35.422,-6.253
-59.686,35.323,-8.898
-59.562,35.025,-10.321
-58.307,34.183,-10.56
-58.314,33.254,-11.363
-59.459,36.318,-11.138
-60.71,37.194,-11.153
-61.811,36.621,-12.014
-63.024,37.571,-12.093
-62.787,38.772,-12.95
-57.225,34.518,-9.868
-55.972,33.786,-10.023
-56.204,32.302,-9.768
-55.787,31.457,-10.551
-54.927,34.304,-9.035
-53.449,34.415,-9.429
-52.634,34.024,-8.219
-53.085,33.535,-10.623
-56.878,31.978,-8.673
-57.121,30.578,-8.367
-57.914,29.862,-9.45
-57.754,28.665,-9.65
-57.842,30.435,-7.025
-56.993,30.827,-5.818
-55.328,30.081,-5.808
-55.703,28.364,-6.039
-58.775,30.587,-10.148
-59.573,29.97,-11.195
-58.722,29.725,-12.428
-59.179,29.105,-13.385
-60.769,30.862,-11.546
-57.485,30.209,-12.418
-56.628,29.988,-13.574
-56.23,28.526,-13.707
-55.725,28.11,-14.747
-55.386,30.866,-13.507
-55.751,32.564,-13.961
-56.456,27.744,-12.657
-56.126,26.327,-12.718
-57.159,25.598,-13.58
-56.894,24.512,-14.09
-56.12,25.71,-11.319
-57.439,25.403,-10.895
-58.334,26.2,-13.742
-59.395,25.585,-14.532
-59.886,26.457,-15.684
-60.739,26.037,-16.459
-60.611,25.228,-13.646
-60.202,24.222,-12.586
-61.17,26.486,-12.988
-59.355,27.669,-15.793
-59.76,28.586,-16.855
-58.568,28.993,-17.71
-57.418,28.87,-17.287
-60.38,29.853,-16.256
-61.595,29.632,-15.369
-62.866,29.381,-16.155
-62.996,28.378,-16.853
-63.814,30.298,-16.045
-58.845,29.476,-18.916
-57.785,29.929,-19.806
-57.204,31.161,-19.134
-57.899,32.157,-18.961
-58.36,30.3,-21.176
-59.355,31.305,-21.058
-55.935,31.087,-18.748
-55.277,32.195,-18.064
-55.071,33.428,-18.938
-54.633,34.472,-18.454
-53.939,31.725,-17.501
-55.399,33.299,-20.219
-55.242,34.378,-21.194
-55.953,35.677,-20.815
-55.31,36.71,-20.634
-55.744,33.911,-22.562
-55.908,32.397,-22.667
-56.828,31.982,-23.804
-58.016,32.378,-23.792
-56.361,31.258,-24.709
-57.294,35.643,-20.695
-58.064,36.839,-20.339
-57.562,37.499,-19.064
-57.426,38.716,-19.0
-59.486,36.302,-20.165
-59.523,35.134,-21.074
-58.188,34.479,-20.819
-57.293,36.686,-18.05
-56.827,37.205,-16.776
-55.484,37.912,-16.901
-55.329,39.051,-16.462
-56.708,36.077,-15.748
-56.383,36.589,-14.365
-57.226,37.497,-13.729
-55.217,36.201,-13.708
-56.919,38.009,-12.477
-54.9,36.706,-12.454
-55.755,37.61,-11.845
-55.455,38.118,-10.605
-54.521,37.221,-17.501
-53.179,37.751,-17.689
-53.18,39.123,-18.346
-52.379,39.986,-17.995
-52.356,36.786,-18.536
-50.887,37.115,-18.579
-50.085,35.994,-19.225
-48.657,36.154,-18.966
-47.943,37.211,-19.344
-48.522,38.204,-20.009
-46.655,37.287,-19.036
-54.085,39.322,-19.296
-54.176,40.588,-20.004
-54.833,41.657,-19.143
-54.44,42.822,-19.175
-54.963,40.402,-21.301
-54.39,39.354,-22.257
-55.323,39.204,-23.45
-52.989,39.759,-22.709
-55.837,41.26,-18.372
-56.524,42.202,-17.501
-55.6,42.626,-16.359
-55.692,43.741,-15.852
-57.802,41.57,-16.943
-58.868,41.307,-18.007
-60.076,40.547,-17.474
-60.717,40.964,-16.506
-60.395,39.426,-18.115
-54.702,41.729,-15.965
-53.765,42.014,-14.886
-52.673,42.954,-15.399
-52.432,44.017,-14.824
-53.146,40.709,-14.374
-52.371,40.743,-13.055
-53.276,41.211,-11.927
-51.835,39.358,-12.75
-52.022,42.557,-16.489
-50.962,43.364,-17.083
-51.475,44.774,-17.34
-50.748,45.753,-17.168
-50.488,42.731,-18.383
-52.735,44.875,-17.744
-53.328,46.174,-18.004
-53.391,47.021,-16.74
-52.924,48.156,-16.733
-54.741,46.028,-18.564
-55.478,47.357,-18.641
-56.864,47.294,-18.03
-57.122,46.357,-17.243
-57.689,48.188,-18.329
-53.972,46.474,-15.674
-54.095,47.216,-14.422
-52.757,47.524,-13.75
-52.667,48.417,-12.905
-55.011,46.471,-13.442
-56.522,46.653,-13.645
-57.277,45.909,-12.559
-56.885,48.133,-13.593
-51.718,46.79,-14.121
-50.414,47.037,-13.54
-49.863,48.331,-14.124
-49.334,49.176,-13.4
-49.433,45.887,-13.836
-48.077,46.201,-13.247
-49.956,44.596,-13.24
-50.004,48.488,-15.436
-49.51,49.683,-16.106
-50.207,50.933,-15.596
-49.57,51.966,-15.392
-49.676,49.552,-17.621
-48.763,48.497,-18.233
-47.291,48.717,-17.893
-46.781,49.834,-18.14
-46.644,47.774,-17.384
-51.514,50.844,-15.385
-52.255,51.981,-14.865
-51.706,52.284,-13.475
-51.422,53.436,-13.145
-53.738,51.647,-14.764
-54.413,51.403,-16.097
-55.803,50.825,-15.93
-56.594,51.412,-15.159
-56.103,49.786,-16.564
-51.558,51.236,-12.667
-51.035,51.386,-11.315
-49.68,52.067,-11.372
-49.377,52.923,-10.544
-50.892,50.024,-10.637
-52.154,49.43,-10.427
-48.867,51.686,-12.352
-47.554,52.288,-12.506
-47.694,53.763,-12.81
-46.949,54.58,-12.278
-46.762,51.602,-13.616
-46.193,50.257,-13.203
-44.973,49.899,-14.034
-44.199,48.818,-13.432
-44.509,47.529,-13.532
-45.577,47.154,-14.217
-43.748,46.614,-12.947
-48.656,54.1,-13.661
-48.899,55.492,-14.011
-49.356,56.253,-12.774
-48.936,57.376,-12.538
-49.987,55.613,-15.086
-49.628,55.021,-16.434
-50.705,55.319,-17.476
-52.063,54.744,-17.07
-53.12,55.007,-18.093
-50.235,55.637,-11.995
-50.75,56.269,-10.79
-49.64,56.488,-9.758
-49.612,57.511,-9.08
-51.862,55.408,-10.19
-52.736,56.059,-9.12
-53.386,57.322,-9.684
-53.799,55.065,-8.66
-48.722,55.534,-9.641
-47.629,55.666,-8.683
-46.719,56.812,-9.101
-46.283,57.608,-8.27
-46.809,54.355,-8.583
-45.495,54.601,-7.856
-47.62,53.305,-7.837
-46.449,56.896,-10.4
-45.602,57.95,-10.945
-46.211,59.304,-10.63
-45.515,60.235,-10.222
-45.461,57.776,-12.456
-47.521,59.399,-10.825
-48.28,60.617,-10.567
-48.096,61.071,-9.119
-47.764,62.228,-8.842
-49.762,60.348,-10.845
-50.681,61.434,-10.376
-50.678,62.701,-10.918
-51.648,61.434,-9.427
-51.603,63.435,-10.324
-52.207,62.689,-9.415
-48.313,60.142,-8.197
-48.191,60.434,-6.78
-46.765,60.811,-6.396
-46.557,61.692,-5.575
-48.697,59.231,-5.978
-50.208,59.102,-6.023
-50.838,57.859,-5.905
-51.011,60.235,-6.167
-52.237,57.751,-5.934
-52.4,60.142,-6.193
-53.006,58.901,-6.078
-54.383,58.83,-6.106
-45.778,60.158,-6.995
-44.393,60.485,-6.681
-44.063,61.894,-7.149
-43.348,62.63,-6.47
-43.447,59.471,-7.319
-43.583,58.094,-6.711
-42.701,57.072,-7.38
-42.668,56.974,-8.607
-41.988,56.291,-6.577
-44.603,62.269,-8.303
-44.388,63.605,-8.848
-44.951,64.626,-7.883
-44.32,65.646,-7.591
-45.092,63.763,-10.196
-44.379,63.082,-11.352
-45.035,63.355,-12.704
-45.343,64.538,-12.992
-45.228,62.387,-13.479
-46.151,64.349,-7.39
-46.803,65.253,-6.46
-46.034,65.368,-5.159
-45.857,66.466,-4.653
-48.236,64.791,-6.162
-49.083,64.941,-7.426
-48.817,65.599,-5.001
-50.393,64.197,-7.375
-45.563,64.243,-4.626
-44.82,64.265,-3.368
-43.54,65.102,-3.463
-43.272,65.936,-2.601
-44.471,62.84,-2.918
-43.639,62.793,-1.636
-43.327,61.375,-1.168
-43.173,60.478,-2.022
-43.211,61.156,0.057
-42.755,64.884,-4.513
-41.512,65.632,-4.687
-41.777,67.131,-4.814
-41.037,67.957,-4.277
-40.769,65.127,-5.92
-42.856,67.473,-5.506
-43.217,68.863,-5.743
-43.81,69.64,-4.57
-43.531,70.83,-4.422
-44.157,68.942,-6.937
-44.619,68.995,-3.735
-45.229,69.706,-2.618
-45.03,69.082,-1.25
-45.282,69.736,-0.243
-46.739,69.868,-2.847
-47.099,70.421,-4.199
-47.136,69.596,-5.318
-47.33,71.78,-4.373
-47.389,70.112,-6.583
-47.581,72.312,-5.637
-47.606,71.473,-6.734
-47.826,71.994,-7.986
-44.593,67.83,-1.2
-44.428,67.156,0.09
-43.103,66.431,0.247
-43.04,65.396,0.909
-45.555,66.137,0.298
-46.955,66.679,0.096
-47.674,66.386,-1.065
-47.576,67.45,1.075
-48.975,66.839,-1.242
-48.877,67.908,0.906
-49.573,67.595,-0.257
-50.874,68.019,-0.419
-42.05,66.974,-0.352
-40.736,66.359,-0.281
-40.141,66.315,1.122
-39.6,65.293,1.524
-39.78,67.073,-1.22
-40.241,67.411,1.866
-39.671,67.467,3.213
-40.687,67.842,4.292
-41.032,69.016,4.456
-38.524,68.477,3.246
-37.751,68.441,4.554
-36.981,69.35,4.854
-37.939,67.379,5.327
-41.163,66.848,5.061
-42.144,67.059,6.134
-41.744,68.179,7.093
-42.564,69.02,7.473
-42.185,65.704,6.836
-41.853,64.746,5.744
-40.738,65.438,5.009
-40.469,68.181,7.468
-39.921,69.16,8.395
-40.246,70.611,8.065
-40.314,71.451,8.959
-38.416,68.981,8.49
-40.454,70.909,6.788
-40.746,72.279,6.378
-42.236,72.502,6.122
-42.686,73.632,5.912
-39.958,72.64,5.098
-40.107,74.116,4.791
-38.49,72.281,5.276
-42.998,71.415,6.16
-44.433,71.466,5.912
-45.247,71.753,7.174
-44.837,71.393,8.277
-44.885,70.133,5.315
-44.168,69.665,4.051
-44.63,68.257,3.7
-44.448,70.631,2.915
-46.398,72.401,7.008
-47.273,72.694,8.137
-47.907,71.376,8.575
-47.764,70.359,7.895
-48.397,73.648,7.733
-47.904,74.839,6.942
-46.917,75.482,7.371
-48.52,75.133,5.893
-48.618,71.404,9.698
-49.278,70.212,10.218
-50.243,69.638,9.189
-50.197,68.453,8.871
-50.037,70.542,11.505
-49.136,70.909,12.671
-49.929,71.134,13.957
-49.005,71.387,15.15
-49.752,71.493,16.448
-51.109,70.498,8.671
-52.094,70.11,7.673
-51.428,69.45,6.458
-51.974,68.51,5.879
-52.883,71.349,7.24
-54.102,71.074,6.39
-55.076,70.125,7.061
-55.046,69.945,8.279
-55.953,69.523,6.271
-50.246,69.933,6.083
-49.52,69.385,4.937
-48.899,68.035,5.246
-48.84,67.16,4.382
-48.418,70.348,4.486
-48.918,71.691,3.989
-47.777,72.628,3.632
-47.0,73.037,4.496
-47.667,72.964,2.351
-48.422,67.864,6.474
-47.825,66.588,6.845
-48.894,65.505,6.804
-48.621,64.37,6.428
-47.204,66.648,8.239
-45.959,67.506,8.331
-45.11,67.081,9.524
-44.705,68.214,10.35
-45.497,68.822,11.23
-46.746,68.406,11.41
-45.041,69.852,11.931
-50.109,65.866,7.2
-51.226,64.933,7.185
-51.566,64.556,5.734
-51.704,63.372,5.414
-52.446,65.562,7.864
-52.334,65.822,9.372
-53.662,66.364,9.891
-51.965,64.533,10.098
-51.696,65.563,4.867
-51.999,65.324,3.455
-50.928,64.409,2.88
-51.221,63.437,2.176
-51.991,66.637,2.668
-52.948,67.698,3.177
-52.859,68.983,2.37
-51.778,69.265,1.802
-53.863,69.722,2.313
-49.681,64.74,3.197
-48.54,63.975,2.737
-48.708,62.51,3.111
-48.492,61.619,2.295
-47.246,64.524,3.359
-46.009,63.7,3.004
-44.722,64.26,3.603
-43.615,63.315,3.439
-43.335,62.337,4.291
-44.074,62.178,5.384
-42.34,61.496,4.034
-49.107,62.254,4.349
-49.288,60.875,4.784
-50.402,60.155,4.011
-50.251,58.987,3.658
-49.553,60.84,6.293
-48.337,61.197,7.16
-48.77,61.412,8.603
-47.29,60.087,7.068
-51.515,60.834,3.734
-52.581,60.178,2.987
-52.079,59.872,1.582
-52.41,58.834,1.013
-53.846,61.038,2.889
-53.542,62.252,2.202
-54.393,61.334,4.281
-51.276,60.777,1.026
-50.719,60.555,-0.307
-49.808,59.325,-0.245
-49.88,58.434,-1.094
-49.902,61.78,-0.774
-49.115,61.609,-2.084
-50.062,61.245,-3.199
-48.377,62.887,-2.439
-48.965,59.272,0.781
-48.029,58.163,0.945
-48.709,56.797,1.034
-48.118,55.783,0.659
-47.175,58.369,2.202
-46.433,59.697,2.268
-45.022,59.571,1.785
-44.359,58.428,2.404
-43.413,57.726,1.795
-43.035,58.076,0.568
-42.879,56.661,2.38
-49.943,56.752,1.528
-50.627,55.464,1.651
-50.89,54.815,0.294
-50.635,53.625,0.113
-51.951,55.616,2.404
-52.475,54.29,2.934
-53.989,54.241,2.994
-54.489,53.179,2.128
-55.018,53.376,0.926
-55.133,54.606,0.444
-55.399,52.34,0.19
-51.407,55.589,-0.658
-51.697,55.054,-1.991
-50.415,54.529,-2.566
-50.359,53.449,-3.143
-52.176,56.141,-2.951
-53.391,56.856,-2.463
-54.485,56.29,-2.423
-53.216,58.118,-2.083
-49.381,55.333,-2.407
-48.075,55.01,-2.933
-47.553,53.659,-2.467
-47.317,52.757,-3.279
-47.093,56.113,-2.547
-45.793,56.147,-3.342
-46.115,56.382,-4.811
-44.895,57.259,-2.805
-47.387,53.515,-1.159
-46.861,52.285,-0.582
-47.697,51.06,-0.909
-47.162,50.019,-1.302
-46.724,52.452,0.932
-45.695,53.519,1.327
-45.709,53.766,2.832
-44.313,53.053,0.878
-49.008,51.18,-0.757
-49.893,50.064,-1.038
-49.885,49.72,-2.519
-49.654,48.568,-2.899
-51.333,50.378,-0.598
-52.264,49.269,-1.043
-51.387,50.521,0.909
-50.127,50.726,-3.35
-50.149,50.535,-4.793
-48.843,49.902,-5.264
-48.846,49.015,-6.115
-50.351,51.876,-5.491
-50.937,51.751,-6.867
-52.36,51.252,-6.771
-53.028,51.309,-8.064
-54.341,51.228,-8.222
-55.128,51.087,-7.163
-54.868,51.293,-9.437
-47.727,50.362,-4.706
-46.42,49.819,-5.066
-46.341,48.359,-4.656
-45.785,47.526,-5.375
-45.304,50.602,-4.377
-44.896,51.878,-5.105
-43.82,52.665,-4.363
-43.042,53.4,-4.972
-43.785,52.528,-3.042
-46.9,48.047,-3.494
-46.886,46.677,-3.019
-47.726,45.816,-3.958
-47.359,44.694,-4.277
-47.433,46.605,-1.593
-48.853,46.351,-4.412
-49.715,45.589,-5.306
-49.041,45.326,-6.661
-49.203,44.252,-7.252
-51.039,46.318,-5.514
-52.007,45.506,-6.294
-52.908,44.597,-5.806
-52.146,45.487,-7.719
-53.599,44.015,-6.844
-53.153,44.541,-8.026
-51.517,46.176,-8.765
-53.546,44.268,-9.34
-51.911,45.903,-10.075
-52.918,44.956,-10.349
-48.284,46.309,-7.144
-47.555,46.177,-8.407
-46.495,45.092,-8.251
-46.295,44.263,-9.135
-46.852,47.492,-8.781
-47.899,48.561,-9.098
-45.881,47.244,-9.943
-47.316,49.935,-9.362
-45.806,45.104,-7.117
-44.793,44.084,-6.862
-45.455,42.699,-6.927
-44.911,41.761,-7.509
-44.178,44.308,-5.481
-42.978,43.445,-5.176
-42.406,43.707,-3.785
-42.126,44.846,-3.419
-42.227,42.646,-3.01
-46.637,42.577,-6.329
-47.361,41.309,-6.327
-47.81,40.909,-7.733
-47.628,39.771,-8.16
-48.598,41.4,-5.431
-49.385,40.14,-5.443
-48.999,38.934,-4.935
-50.661,39.931,-6.05
-49.955,37.983,-5.195
-50.988,38.568,-5.883
-51.563,40.762,-6.735
-52.177,38.011,-6.361
-52.748,40.213,-7.213
-53.041,38.844,-7.026
-48.417,41.856,-8.436
-48.909,41.623,-9.787
-47.797,41.095,-10.685
-48.014,40.167,-11.469
-49.479,42.907,-10.345
-46.605,41.676,-10.575
-45.484,41.208,-11.384
-45.157,39.767,-11.025
-44.867,38.956,-11.901
-44.235,42.065,-11.169
-44.345,43.435,-11.801
-45.13,43.595,-12.764
-43.628,44.351,-11.336
-45.19,39.44,-9.734
-44.897,38.07,-9.325
-45.889,37.102,-9.952
-45.517,36.012,-10.38
-44.939,37.928,-7.805
-43.709,38.459,-7.12
-43.643,38.06,-5.665
-43.946,36.891,-5.341
-43.272,38.913,-4.841
-47.153,37.501,-10.002
-48.175,36.654,-10.596
-47.917,36.534,-12.09
-47.915,35.436,-12.642
-49.581,37.238,-10.394
-50.6,36.408,-11.168
-49.925,37.266,-8.909
-47.698,37.676,-12.736
-47.44,37.714,-14.172
-46.322,36.767,-14.561
-46.351,36.179,-15.641
-47.104,39.141,-14.607
-48.293,40.09,-14.453
-47.895,41.503,-14.807
-49.426,39.62,-15.346
-45.346,36.608,-13.673
-44.226,35.715,-13.931
-44.673,34.261,-13.864
-44.404,33.483,-14.776
-43.116,35.962,-12.925
-45.351,33.897,-12.781
-45.826,32.531,-12.603
-46.726,32.089,-13.745
-46.698,30.93,-14.159
-46.598,32.4,-11.29
-45.766,32.605,-10.039
-44.643,31.598,-9.906
-44.895,30.386,-10.073
-43.504,32.025,-9.629
-47.533,33.014,-14.247
-48.446,32.698,-15.335
-47.712,32.313,-16.624
-48.341,31.911,-17.605
-49.404,33.874,-15.574
-50.475,34.048,-14.483
-51.265,35.324,-14.7
-51.405,32.845,-14.492
-46.384,32.42,-16.611
-45.569,32.057,-17.771
-44.816,30.762,-17.503
-44.888,29.816,-18.282
-44.554,33.155,-18.107
-45.207,34.488,-18.39
-46.34,34.551,-18.863
-44.484,35.568,-18.115
-44.091,30.733,-16.393
-43.312,29.564,-16.014
-44.157,28.303,-15.851
-43.612,27.201,-15.774
-42.544,29.845,-14.725
-45.479,28.462,-15.79
-46.378,27.318,-15.641
-46.765,26.778,-17.013
-46.876,25.566,-17.209
-47.655,27.711,-14.885
-48.621,28.583,-15.697
-50.33,28.62,-15.071
-51.019,27.15,-15.889
-46.972,27.689,-17.959
-47.358,27.321,-19.314
-46.123,27.092,-20.176
-45.91,25.935,-20.595
-48.223,28.416,-19.917
-45.382,28.072,-20.409
