x,y,z
-5.936,11.223,8.176
-6.04,12.669,8.106
-5.215,13.333,7.03
-4.749,14.453,7.229
-5.045,12.659,5.889
-4.225,13.173,4.771
-5.013,13.94,3.724
-4.455,14.389,2.734
-3.519,12.032,4.034
-2.594,11.158,4.847
-1.791,11.687,5.858
-2.495,9.799,4.571
-0.924,10.866,6.594
-1.64,8.976,5.285
-0.864,9.51,6.298
-0.015,8.687,7.0
-6.31,14.079,3.932
-7.194,14.621,2.921
-7.646,16.02,3.313
-8.01,16.26,4.462
-8.378,13.672,2.769
-9.559,13.876,1.836
-10.16,12.53,1.515
-10.597,14.78,2.449
-7.6,16.943,2.359
-8.111,18.302,2.551
-8.961,18.701,1.339
-8.623,18.37,0.203
-6.962,19.304,2.66
-5.812,18.939,3.606
-6.102,19.337,5.043
-4.891,19.286,5.866
-4.391,18.188,6.432
-4.994,17.017,6.289
-3.276,18.265,7.148
-10.038,19.441,1.578
-10.809,20.047,0.489
-10.311,21.447,0.174
-10.871,22.435,0.633
-12.306,20.052,0.816
-12.835,18.662,1.0
-13.02,18.125,2.272
-13.112,17.864,-0.098
-13.488,16.822,2.43
-13.571,16.577,0.05
-13.759,16.057,1.307
-14.218,14.771,1.429
-9.247,21.531,-0.611
-8.682,22.824,-0.971
-8.016,22.804,-2.341
-7.675,21.749,-2.852
-7.689,23.286,0.099
-6.571,22.29,0.399
-5.781,22.663,1.647
-6.386,22.772,2.739
-4.552,22.848,1.526
-7.844,23.987,-2.922
-7.126,24.153,-4.174
-5.613,24.19,-3.924
-5.157,24.786,-2.938
-7.533,25.472,-4.826
-8.968,25.553,-5.237
-9.989,26.126,-4.543
-9.537,25.064,-6.458
-11.166,26.016,-5.249
-10.916,25.364,-6.426
-9.016,24.392,-7.57
-11.78,25.021,-7.464
-9.878,24.05,-8.605
-11.246,24.369,-8.546
-4.827,23.55,-4.807
-3.379,23.713,-4.823
-2.954,25.181,-4.94
-3.68,25.995,-5.508
-2.966,22.952,-6.08
-4.004,21.943,-6.253
-5.273,22.585,-5.824
-1.793,25.51,-4.381
-1.202,26.83,-4.539
-0.879,27.061,-6.006
-1.287,28.066,-6.585
0.073,26.948,-3.7
-0.206,27.289,-2.235
-1.384,27.513,-1.861
0.774,27.344,-1.46
-0.151,26.115,-6.595
0.167,26.136,-8.016
-0.599,25.029,-8.746
-0.59,23.868,-8.325
1.679,25.987,-8.217
2.107,25.93,-9.67
1.866,27.241,-10.395
2.48,28.266,-9.994
1.069,27.241,-11.366
-1.27,25.4,-9.833
-2.063,24.45,-10.615
-1.394,24.093,-11.939
-2.051,23.561,-12.833
-3.446,25.018,-10.929
-4.24,25.567,-9.765
-5.419,24.415,-9.077
-6.216,23.748,-10.525
-0.104,24.383,-12.079
0.566,24.149,-13.356
0.627,22.672,-13.714
1.124,21.857,-12.944
1.964,24.763,-13.396
2.515,24.815,-14.819
3.944,25.296,-14.892
4.532,24.953,-16.243
5.923,25.458,-16.386
0.117,22.346,-14.895
0.03,20.971,-15.348
-1.411,20.513,-15.468
-1.714,19.605,-16.241
-2.291,21.15,-14.699
-3.729,20.887,-14.73
-4.375,21.764,-15.808
-4.208,22.984,-15.795
-4.391,21.169,-13.348
-3.57,20.543,-12.217
-5.833,20.656,-13.302
-4.203,20.662,-10.818
-5.088,21.148,-16.766
-5.779,21.945,-17.774
-7.022,22.596,-17.176
-7.595,22.047,-16.225
-6.176,20.908,-18.823
-6.331,19.652,-18.069
-5.295,19.703,-16.98
-7.429,23.764,-17.706
-8.602,24.464,-17.204
-9.813,23.544,-17.162
-10.54,23.523,-16.16
-8.81,25.578,-18.228
-7.967,25.214,-19.375
-6.819,24.493,-18.825
-9.994,22.757,-18.223
-11.103,21.814,-18.329
-11.176,20.724,-17.271
-12.241,20.155,-17.05
-10.057,20.394,-16.634
-10.112,19.436,-15.523
-11.008,19.943,-14.385
-11.731,19.165,-13.782
-8.711,19.108,-14.995
-10.986,21.248,-14.126
-11.642,21.804,-12.94
-12.636,22.951,-13.168
-13.26,23.417,-12.215
-10.577,22.234,-11.925
-9.628,23.306,-12.426
-9.88,24.649,-12.186
-8.468,22.974,-13.125
-9.016,25.628,-12.628
-7.597,23.961,-13.583
-7.882,25.278,-13.318
-7.041,26.258,-13.75
-12.786,23.392,-14.418
-13.638,24.521,-14.765
-14.448,24.183,-16.006
-13.878,23.889,-17.059
-12.76,25.752,-14.987
-13.405,26.852,-15.786
-14.315,27.713,-15.204
-13.051,27.057,-17.112
-14.89,28.73,-15.936
-13.616,28.081,-17.85
-14.535,28.918,-17.265
-15.772,24.255,-15.885
-16.678,23.748,-16.915
-17.12,24.776,-17.953
-17.981,24.486,-18.778
-17.913,23.109,-16.264
-18.789,24.116,-15.545
-18.566,25.345,-15.699
-19.709,23.674,-14.818
-16.541,25.971,-17.893
-16.959,27.084,-18.732
-17.694,28.168,-17.962
-17.764,29.313,-18.419
-18.236,27.809,-16.798
-19.044,28.713,-15.988
-18.596,28.713,-14.539
-18.589,29.742,-13.875
-20.503,28.302,-16.055
-18.231,27.539,-14.052
-18.032,27.342,-12.634
-17.06,26.199,-12.413
-16.785,25.423,-13.326
-19.383,27.007,-11.989
-19.458,27.413,-10.529
-18.72,28.34,-10.113
-20.275,26.802,-9.809
-16.546,26.086,-11.196
-15.736,24.934,-10.828
-16.577,23.681,-10.947
-17.788,23.728,-10.751
-15.209,25.064,-9.401
-14.649,26.411,-9.049
-15.054,27.208,-8.028
-13.58,27.118,-9.71
-14.314,28.365,-8.005
-13.402,28.336,-9.025
-12.763,26.84,-10.811
-12.44,29.275,-9.401
-11.814,27.77,-11.185
-11.66,28.974,-10.482
-15.936,22.569,-11.294
-16.595,21.264,-11.334
-16.526,20.647,-9.937
-15.744,19.736,-9.687
-15.926,20.332,-12.362
-15.993,20.812,-13.817
-15.406,19.783,-14.776
-15.454,20.306,-16.21
-14.786,19.413,-17.208
-17.331,21.161,-9.021
-17.403,20.578,-7.683
-16.375,21.147,-6.734
-16.105,22.343,-6.738
-15.8,20.278,-5.913
-14.955,20.704,-4.8
-13.572,20.13,-5.038
-13.447,18.958,-5.382
-15.531,20.199,-3.436
-16.94,20.755,-3.213
-14.615,20.579,-2.241
-17.839,19.851,-2.374
-12.524,20.948,-4.872
-11.191,20.392,-5.042
-10.889,19.39,-3.937
-11.173,19.672,-2.772
-10.28,21.613,-4.898
-11.071,22.59,-4.138
-12.487,22.378,-4.531
-10.342,18.233,-4.286
-9.854,17.326,-3.265
-8.363,17.08,-3.387
-7.876,16.63,-4.421
-10.616,16.004,-3.262
-10.154,15.076,-2.152
-10.578,13.363,-2.434
-12.202,13.29,-1.693
-7.655,17.376,-2.304
-6.219,17.22,-2.237
-5.842,16.211,-1.172
-6.343,16.263,-0.051
-5.552,18.553,-1.92
-5.19,19.38,-3.141
-4.161,20.78,-2.688
-2.531,20.057,-2.824
-4.96,15.29,-1.535
-4.454,14.29,-0.608
-2.936,14.287,-0.654
-2.333,13.948,-1.669
-5.006,12.881,-0.912
-6.532,12.888,-0.795
-4.377,11.845,0.045
-7.184,11.597,-1.118
-2.325,14.697,0.445
-0.884,14.627,0.579
-0.506,13.232,1.029
-1.036,12.726,2.021
0.405,12.609,0.293
0.817,11.247,0.579
2.271,11.25,1.048
3.154,11.724,0.33
0.581,10.354,-0.639
-0.901,10.273,-1.006
-1.101,10.06,-2.501
-1.609,9.203,-0.204
2.506,10.765,2.285
3.764,10.883,3.054
5.106,10.578,2.345
6.169,10.679,2.993
3.533,9.938,4.249
2.07,10.015,4.473
1.473,10.056,3.071
5.075,10.233,1.054
6.312,10.165,0.247
6.562,11.447,-0.575
7.308,11.436,-1.565
6.295,8.93,-0.659
4.972,8.754,-1.373
4.093,9.609,-1.152
4.802,7.769,-2.136
5.955,12.549,-0.13
5.927,13.829,-0.856
5.08,13.807,-2.137
5.272,14.621,-3.04
7.34,14.361,-1.119
7.96,15.023,0.103
9.366,15.522,-0.146
10.227,14.782,-0.635
9.616,16.783,0.206
4.131,12.879,-2.195
3.229,12.78,-3.321
1.928,13.505,-3.013
1.368,13.354,-1.93
2.948,11.314,-3.658
2.06,11.035,-4.879
2.734,11.493,-6.165
1.73,9.558,-4.943
1.453,14.299,-3.962
0.148,14.915,-3.816
-0.781,14.423,-4.907
-0.34,14.168,-6.021
0.257,16.434,-3.812
0.869,16.986,-2.535
1.253,18.443,-2.645
2.247,18.788,-3.278
0.472,19.308,-2.016
-2.052,14.251,-4.554
-3.096,13.854,-5.476
-4.128,14.953,-5.439
-4.473,15.443,-4.353
-3.733,12.526,-5.035
-4.893,11.881,-5.811
-4.948,10.415,-5.515
-6.247,12.487,-5.499
-4.603,15.332,-6.624
-5.696,16.283,-6.82
-6.814,15.629,-7.625
-6.565,14.995,-8.653
-5.189,17.514,-7.581
-6.28,18.441,-8.07
-6.765,18.344,-9.371
-6.799,19.43,-7.242
-7.766,19.197,-9.826
-7.797,20.295,-7.691
-8.281,20.172,-8.994
-8.046,15.788,-7.171
-9.184,15.311,-7.945
-10.4,16.171,-7.617
-10.589,16.56,-6.465
-9.421,13.742,-7.773
-9.978,13.374,-6.404
-10.298,13.184,-8.881
-11.184,16.51,-8.635
-12.438,17.234,-8.423
-13.542,16.274,-8.025
-13.763,15.279,-8.703
-12.853,18.019,-9.678
-11.957,19.204,-10.005
-11.706,20.354,-8.63
-13.239,21.269,-8.669
-14.221,16.556,-6.915
-15.296,15.679,-6.427
-16.575,16.49,-6.246
-16.516,17.712,-6.173
-14.932,14.955,-5.084
-13.682,14.096,-5.233
-14.785,15.953,-3.947
-17.726,15.829,-6.168
-18.975,16.573,-6.082
-19.432,16.831,-4.656
-20.475,17.432,-4.44
-20.09,15.874,-6.878
-20.574,14.592,-6.224
-19.754,13.882,-5.615
-21.777,14.281,-6.341
-18.631,16.419,-3.684
-19.158,16.173,-2.372
-18.057,16.114,-1.318
-17.013,15.525,-1.554
-19.812,14.802,-2.468
-20.73,14.377,-1.372
-21.206,13.011,-1.777
-21.931,13.056,-3.047
-23.225,12.786,-3.156
-23.914,12.43,-2.08
-23.833,12.859,-4.325
-18.289,16.716,-0.159
-17.499,16.375,1.026
-18.238,15.223,1.67
-19.46,15.282,1.796
-17.444,17.534,2.008
-16.563,18.67,1.582
-16.527,19.744,2.653
-15.734,20.887,2.232
-16.219,21.908,1.534
-17.504,21.92,1.188
-15.421,22.917,1.188
-17.519,14.169,2.054
-18.147,12.996,2.666
-17.246,12.269,3.663
-16.069,12.013,3.399
-18.574,12.033,1.583
-19.636,11.061,2.038
-20.818,11.461,2.126
-19.31,9.873,2.243
-17.83,11.911,4.798
-17.096,11.269,5.898
-16.791,9.791,5.614
-15.781,9.268,6.094
-17.875,11.364,7.213
-19.104,10.639,7.092
-18.176,12.809,7.559
-17.658,9.13,4.836
-17.469,7.727,4.472
-16.728,7.594,3.143
-16.576,6.495,2.617
-18.812,6.998,4.353
-19.494,6.701,5.67
-18.787,6.718,6.876
-20.838,6.355,5.691
-19.42,6.42,8.072
-21.481,6.058,6.897
-20.771,6.091,8.079
-16.267,8.713,2.605
-15.461,8.702,1.39
-16.285,8.305,0.187
-15.752,7.754,-0.78
-17.589,8.568,0.28
-18.54,8.348,-0.793
-18.73,9.699,-1.458
-19.29,10.614,-0.832
-19.875,7.847,-0.249
-19.855,6.448,-0.031
-18.204,9.815,-2.685
-18.3,11.004,-3.553
-18.084,10.588,-5.028
-17.444,9.576,-5.294
-17.25,12.063,-3.159
-15.761,11.669,-3.442
-15.224,10.673,-2.43
-15.234,10.934,-1.223
-14.753,9.519,-2.915
-18.624,11.358,-5.973
-18.312,11.184,-7.414
-17.081,11.973,-7.81
-16.939,13.146,-7.456
-19.471,11.647,-8.304
-20.706,10.828,-8.149
-20.86,9.597,-8.75
-21.828,11.036,-7.419
-22.034,9.091,-8.415
-22.637,9.94,-7.602
-16.202,11.341,-8.576
-15.019,12.018,-9.086
-15.351,12.691,-10.426
-15.714,12.012,-11.378
-13.876,11.009,-9.22
-13.709,10.119,-7.995
-13.213,10.631,-6.798
-14.086,8.782,-8.025
-13.079,9.825,-5.671
-13.949,7.969,-6.894
-13.441,8.5,-5.741
-13.296,7.704,-4.642
-15.246,14.019,-10.478
-15.662,14.812,-11.655
-14.518,15.247,-12.556
-14.732,15.981,-13.523
-16.512,16.02,-11.246
-17.716,15.709,-10.354
-18.222,16.985,-9.716
-18.833,15.008,-11.104
-13.308,14.796,-12.23
-12.139,14.96,-13.092
-11.259,13.716,-13.047
-11.468,12.805,-12.217
-11.317,16.194,-12.689
-10.649,16.032,-11.432
-10.289,13.682,-13.96
-9.165,12.77,-13.909
-8.368,13.016,-12.644
-8.506,14.073,-12.024
-8.24,13.058,-15.078
-8.878,12.751,-16.415
-9.708,11.822,-16.488
-8.537,13.447,-17.391
-7.509,12.059,-12.298
-6.616,12.198,-11.152
-5.291,12.776,-11.612
-4.728,12.347,-12.624
-6.404,10.851,-10.44
-5.293,10.95,-9.41
-7.684,10.421,-9.775
-4.829,13.784,-10.883
-3.534,14.401,-11.112
-2.586,14.174,-9.942
-2.999,14.198,-8.778
-3.704,15.897,-11.381
-4.255,16.167,-12.759
-3.411,16.515,-13.81
-5.623,16.04,-13.019
-3.921,16.745,-15.086
-6.138,16.265,-14.285
-5.28,16.612,-15.31
-5.805,16.83,-16.556
-1.317,13.963,-10.263
-0.304,13.678,-9.264
0.855,14.662,-9.355
1.235,15.08,-10.445
0.21,12.242,-9.419
-0.775,11.088,-9.224
-0.11,9.766,-9.529
-1.363,11.074,-7.81
1.416,15.032,-8.211
2.547,15.944,-8.173
3.58,15.474,-7.171
3.247,15.195,-6.02
2.082,17.352,-7.805
3.15,18.415,-7.942
2.57,19.795,-7.767
2.056,20.014,-6.417
1.587,21.177,-5.981
1.138,21.29,-4.738
1.572,22.23,-6.787
4.832,15.431,-7.617
5.962,14.935,-6.829
7.045,16.002,-6.632
6.955,16.847,-5.735
6.577,13.743,-7.556
7.669,13.049,-6.792
7.106,12.046,-5.822
6.215,11.261,-6.17
7.619,12.056,-4.594
8.181,19.512,-8.771
6.731,19.675,-8.838
6.178,19.475,-10.239
6.842,18.899,-11.101
4.956,19.961,-10.448
4.212,19.913,-11.733
3.267,18.742,-11.883
3.687,17.596,-11.977
5.106,20.068,-12.968
5.211,21.512,-13.426
5.082,22.424,-12.573
5.42,21.736,-14.641
1.979,19.063,-11.91
0.904,18.079,-11.998
0.935,17.297,-13.299
1.129,17.86,-14.377
-0.459,18.763,-11.856
-0.673,19.392,-10.527
-0.581,20.719,-10.219
-1.005,18.718,-9.316
-0.85,20.915,-8.892
-1.109,19.698,-8.31
-1.233,17.374,-8.981
-1.419,19.376,-6.984
-1.542,17.059,-7.665
-1.636,18.057,-6.686
0.737,15.991,-13.175
0.719,15.084,-14.304
-0.557,14.278,-14.233
-1.084,14.03,-13.143
1.91,14.122,-14.241
3.291,14.772,-14.398
4.441,13.753,-14.404
4.252,12.572,-14.095
5.638,14.215,-14.764
-1.063,13.885,-15.397
-2.144,12.921,-15.467
-1.63,11.696,-16.205
-1.66,11.658,-17.442
-3.362,13.494,-16.176
-4.746,12.381,-16.1
