x,y,z
-25.716,-1.926,12.522
-26.621,-2.777,13.296
-25.832,-3.855,14.021
-24.82,-4.319,13.488
-27.618,-3.429,12.343
-28.53,-2.448,11.678
-29.345,-1.601,12.394
-28.747,-2.166,10.371
-30.025,-0.836,11.557
-29.684,-1.16,10.323
-26.299,-4.285,15.215
-25.548,-5.377,15.828
-25.623,-6.615,14.942
-26.581,-6.772,14.166
-26.261,-5.623,17.16
-27.241,-4.502,17.331
-27.498,-3.917,15.985
-24.606,-7.461,15.042
-24.481,-8.638,14.184
-25.641,-9.61,14.317
-26.124,-10.158,13.317
-23.184,-9.376,14.511
-22.967,-10.646,13.678
-21.513,-10.726,13.22
-23.42,-11.905,14.439
-26.073,-9.84,15.553
-27.171,-10.733,15.807
-28.411,-10.278,15.064
-29.087,-11.077,14.42
-28.691,-8.982,15.14
-29.851,-8.406,14.476
-29.709,-8.536,12.965
-30.652,-8.954,12.283
-30.029,-6.939,14.888
-30.236,-6.786,16.405
-30.9,-5.478,16.825
-31.062,-4.566,15.985
-31.26,-5.365,18.017
-28.511,-8.24,12.47
-28.23,-8.294,11.034
-28.378,-9.723,10.492
-29.041,-9.946,9.473
-26.846,-7.756,10.74
-27.786,-10.68,11.187
-27.902,-12.084,10.774
-29.354,-12.558,10.833
-29.835,-13.206,9.904
-26.99,-12.994,11.589
-25.513,-13.017,11.184
-24.891,-11.909,10.626
-24.744,-14.131,11.454
-23.522,-11.948,10.256
-23.385,-14.177,11.106
-22.807,-13.092,10.507
-21.458,-13.15,10.175
-30.027,-12.282,11.952
-31.409,-12.667,12.129
-32.35,-12.038,11.079
-33.291,-12.695,10.588
-31.875,-12.327,13.55
-32.111,-10.768,10.759
-32.949,-10.057,9.781
-32.794,-10.701,8.398
-33.76,-10.999,7.723
-32.563,-8.572,9.68
-32.912,-7.922,10.92
-33.298,-7.881,8.535
-31.548,-10.938,8.028
-31.252,-11.607,6.756
-31.869,-13.001,6.723
-32.519,-13.386,5.738
-29.737,-11.714,6.573
-29.296,-12.431,5.316
-29.65,-11.7,4.073
-28.785,-10.474,3.861
-29.171,-9.755,2.682
-31.697,-13.752,7.802
-32.205,-15.123,7.853
-33.734,-15.142,7.71
-34.277,-15.946,6.962
-31.814,-15.785,9.123
-34.411,-14.236,8.409
-35.889,-14.163,8.319
-36.334,-13.96,6.886
-37.283,-14.603,6.414
-36.447,-13.049,9.237
-37.884,-12.661,8.873
-38.539,-11.742,9.874
-39.188,-12.494,10.937
-40.054,-11.982,11.812
-40.394,-10.695,11.773
-40.587,-12.77,12.739
-35.645,-13.063,6.171
-35.995,-12.764,4.79
-35.96,-14.037,3.926
-36.787,-14.212,3.038
-35.05,-11.702,4.237
-35.035,-14.935,4.252
-34.808,-16.197,3.56
-35.504,-17.414,4.165
-35.198,-18.552,3.795
-33.321,-16.455,3.474
-32.603,-15.512,2.563
-32.509,-15.716,1.207
-31.938,-14.356,2.81
-31.818,-14.739,0.661
-31.453,-13.901,1.618
-36.402,-17.153,5.089
-37.327,-18.159,5.613
-36.861,-18.906,6.83
-37.48,-19.924,7.193
-35.817,-18.41,7.486
-35.28,-19.034,8.696
-35.47,-18.055,9.839
-34.993,-16.91,9.77
-33.799,-19.382,8.577
-33.304,-20.405,7.559
-31.789,-20.576,7.723
-34.025,-21.73,7.727
-36.117,-18.532,10.903
-36.469,-17.697,12.036
-35.557,-18.078,13.19
-35.738,-19.134,13.81
-37.918,-17.936,12.435
-38.93,-17.533,11.389
-39.172,-16.039,11.342
-39.266,-15.401,12.414
-39.293,-15.5,10.225
-34.566,-17.23,13.447
-33.543,-17.508,14.449
-33.444,-16.27,15.334
-33.456,-15.148,14.834
-32.18,-17.814,13.774
-31.184,-18.367,14.766
-32.366,-18.781,12.609
-33.336,-16.465,16.649
-33.217,-15.328,17.545
-31.833,-14.694,17.448
-30.838,-15.405,17.346
-33.538,-15.725,18.982
-35.046,-15.714,19.26
-35.629,-14.293,19.406
-35.356,-13.636,20.444
-36.365,-13.841,18.495
-31.773,-13.351,17.439
-30.528,-12.615,17.398
-29.574,-13.042,18.503
-28.392,-13.221,18.243
-30.965,-11.161,17.574
-32.338,-11.117,17.001
-32.94,-12.466,17.252
-30.075,-13.218,19.723
-29.212,-13.653,20.807
-28.552,-15.013,20.552
-27.389,-15.223,20.956
-29.97,-13.67,22.144
-31.107,-14.519,22.085
-29.264,-15.931,19.891
-28.71,-17.248,19.562
-27.601,-17.113,18.531
-26.57,-17.811,18.602
-29.785,-18.164,19.039
-27.816,-16.224,17.568
-26.809,-15.98,16.545
-25.575,-15.227,17.103
-24.431,-15.498,16.689
-27.42,-15.223,15.37
-28.452,-16.015,14.567
-29.31,-15.102,13.711
-27.74,-17.057,13.721
-25.797,-14.283,18.017
-24.692,-13.533,18.635
-23.799,-14.49,19.429
-22.589,-14.426,19.327
-25.203,-12.369,19.493
-24.161,-11.287,19.812
-24.07,-10.165,18.755
-25.102,-9.522,18.424
-22.941,-9.897,18.287
-24.406,-15.413,20.165
-23.647,-16.406,20.914
-22.961,-17.383,19.982
-21.794,-17.715,20.189
-24.54,-17.182,21.882
-25.011,-16.379,23.025
-25.831,-17.208,23.983
-25.298,-18.078,24.681
-27.135,-16.95,24.02
-23.691,-17.856,18.975
-23.121,-18.776,17.987
-21.918,-18.167,17.301
-20.887,-18.838,17.096
-22.058,-16.9,16.929
-20.983,-16.18,16.246
-19.719,-16.036,17.096
-18.618,-16.32,16.633
-21.452,-14.802,15.74
-20.375,-14.044,15.032
-20.174,-14.199,13.674
-19.517,-13.195,15.738
-19.17,-13.505,13.037
-18.502,-12.52,15.087
-18.339,-12.674,13.747
-19.886,-15.571,18.33
-18.804,-15.485,19.317
-18.003,-16.8,19.34
-16.76,-16.827,19.222
-19.43,-15.209,20.697
-18.487,-14.77,21.794
-19.239,-14.536,23.118
-20.55,-13.904,22.932
-21.677,-14.322,23.505
-21.667,-15.368,24.321
-22.817,-13.685,23.271
-18.735,-17.904,19.482
-18.091,-19.194,19.523
-17.481,-19.622,18.234
-16.341,-20.089,18.206
-19.056,-20.281,20.028
-19.703,-19.905,21.313
-20.805,-20.856,21.817
-21.416,-20.584,22.865
-21.036,-21.961,21.112
-18.192,-19.402,17.129
-17.703,-19.812,15.821
-16.453,-19.032,15.413
-15.494,-19.615,14.892
-18.788,-19.646,14.77
-16.463,-17.728,15.696
-15.353,-16.856,15.328
-14.115,-17.29,16.121
-13.012,-17.407,15.574
-15.715,-15.403,15.626
-14.646,-14.418,15.25
-14.656,-13.807,14.003
-13.612,-14.113,16.123
-13.694,-12.929,13.622
-12.612,-13.23,15.742
-12.668,-12.638,14.49
-11.66,-11.75,14.109
-14.297,-17.52,17.415
-13.176,-17.897,18.279
-12.595,-19.249,17.817
-11.368,-19.396,17.658
-13.641,-17.899,19.729
-12.611,-18.361,20.74
-13.13,-18.263,22.185
-14.104,-19.316,22.504
-15.369,-19.123,22.901
-15.884,-17.902,23.06
-16.137,-20.178,23.145
-13.476,-20.208,17.54
-13.05,-21.543,17.1
-12.283,-21.476,15.796
-11.265,-22.134,15.62
-14.255,-22.472,16.954
-12.803,-20.709,14.848
-12.14,-20.566,13.573
-10.761,-19.911,13.718
-9.798,-20.33,13.06
-13.003,-19.767,12.607
-12.506,-19.794,11.146
-12.837,-21.074,10.388
-13.586,-21.927,10.876
-12.274,-21.227,9.193
-10.666,-18.865,14.529
-9.395,-18.19,14.757
-8.376,-19.076,15.47
-7.172,-18.943,15.254
-9.633,-16.949,15.617
-10.507,-16.083,14.943
-8.879,-19.946,16.348
-8.065,-20.898,17.093
-7.256,-21.788,16.145
-6.05,-21.983,16.347
-8.997,-21.708,18.021
-8.328,-22.689,18.933
-8.33,-22.544,20.305
-7.726,-23.874,18.682
-7.716,-23.58,20.855
-7.327,-24.391,19.883
-7.925,-22.343,15.14
-7.295,-23.273,14.165
-6.751,-22.617,12.892
-5.848,-23.151,12.243
-8.307,-24.355,13.768
-8.62,-25.149,14.892
-7.339,-21.495,12.528
-7.016,-20.793,11.291
-6.782,-19.292,11.578
-7.573,-18.444,11.16
-8.135,-20.977,10.271
-8.302,-22.396,9.81
-7.435,-22.937,8.865
-9.298,-23.189,10.315
-7.564,-24.251,8.434
-9.458,-24.511,9.879
-8.58,-25.044,8.955
-5.701,-18.963,12.284
-5.416,-17.545,12.557
-5.237,-16.687,11.282
-4.879,-17.216,10.224
-4.125,-17.603,13.369
-3.506,-18.928,13.048
-4.673,-19.861,12.837
-5.522,-15.383,11.395
-5.418,-14.418,10.291
-6.051,-14.964,9.021
-5.407,-15.093,7.991
-3.98,-13.938,10.082
-3.9,-12.666,9.221
-4.801,-11.84,9.276
-2.794,-12.479,8.47
-7.349,-15.286,9.128
-8.223,-15.703,8.033
-7.801,-16.988,7.327
-8.246,-17.264,6.218
-8.451,-14.578,7.013
-8.895,-13.296,7.677
-10.152,-13.184,8.223
-8.014,-12.234,7.847
-10.542,-12.024,8.873
-8.394,-11.066,8.459
-9.666,-10.963,9.004
-10.071,-9.82,9.668
-6.977,-17.785,7.996
-6.578,-19.083,7.47
-5.613,-18.998,6.311
-5.313,-20.002,5.693
-5.085,-17.811,6.045
-4.286,-17.616,4.831
-2.988,-18.435,4.867
-2.482,-18.862,3.814
-3.991,-16.121,4.64
-5.261,-15.319,4.361
-5.034,-13.81,4.701
-5.685,-15.546,2.921
-2.447,-18.639,6.068
-1.235,-19.438,6.254
-1.476,-20.943,6.245
-0.524,-21.744,6.385
-0.541,-19.082,7.582
-1.309,-19.554,8.683
-2.746,-21.348,6.175
-3.092,-22.756,6.257
-4.172,-23.137,5.255
-5.129,-23.799,5.595
-3.512,-23.112,7.69
-3.606,-24.58,7.944
-2.93,-25.513,7.191
-4.312,-25.279,8.86
-3.216,-26.723,7.635
-4.049,-26.604,8.65
-3.989,-22.696,4.017
-4.748,-23.251,2.889
-6.137,-22.673,2.671
-6.917,-23.207,1.897
-6.493,-21.614,3.385
-7.795,-21.0,3.175
-7.699,-19.621,2.53
-6.629,-19.019,2.469
-8.554,-20.871,4.513
-8.976,-22.103,5.314
-9.914,-21.63,6.449
-9.614,-23.185,4.471
-8.836,-19.163,2.033
-9.059,-17.784,1.609
-9.917,-17.146,2.682
-10.61,-17.822,3.432
-9.837,-17.702,0.299
-11.175,-18.192,0.478
-9.169,-18.547,-0.819
-9.838,-15.834,2.794
-10.631,-15.16,3.802
-12.142,-15.264,3.491
-12.935,-15.343,4.43
-10.215,-13.708,3.96
-10.301,-12.959,2.776
-12.559,-15.327,2.224
-13.96,-15.569,1.925
-14.396,-16.924,2.48
-15.452,-17.038,3.105
-14.234,-15.517,0.424
-15.692,-15.72,0.07
-15.94,-15.422,-1.388
-17.352,-15.169,-1.682
-18.139,-15.918,-2.439
-19.386,-15.514,-2.641
-17.714,-17.054,-2.987
-13.595,-17.952,2.24
-13.948,-19.274,2.767
-13.982,-19.288,4.295
-14.845,-19.916,4.914
-13.001,-20.361,2.243
-13.443,-21.806,2.688
-14.825,-22.177,2.169
-15.058,-22.179,0.962
-15.754,-22.499,3.087
-13.007,-18.63,4.915
-12.93,-18.515,6.338
-14.241,-17.955,6.89
-14.807,-18.531,7.846
-11.756,-17.63,6.686
-11.297,-17.595,8.117
-10.28,-18.324,8.663
-11.769,-16.739,9.174
-10.083,-17.969,9.96
-10.98,-16.996,10.304
-12.783,-15.782,9.273
-11.183,-16.365,11.504
-12.951,-15.131,10.459
-12.18,-15.429,11.57
-14.707,-16.852,6.324
-15.956,-16.211,6.764
-17.188,-17.094,6.474
-18.075,-17.21,7.322
-16.119,-14.835,6.141
-15.313,-13.781,6.875
-14.204,-13.131,6.453
-15.55,-13.355,8.214
-13.757,-12.279,7.435
-14.597,-12.383,8.521
-16.527,-13.66,9.158
-14.563,-11.734,9.745
-16.5,-13.022,10.376
-15.533,-12.064,10.665
-17.211,-17.768,5.335
-18.305,-18.721,5.047
-18.344,-19.784,6.14
-19.434,-20.1,6.643
-18.186,-19.397,3.67
-19.096,-20.607,3.337
-20.578,-20.248,3.553
-18.914,-21.152,1.9
-17.194,-20.359,6.474
-17.099,-21.354,7.561
-17.688,-20.784,8.863
-18.439,-21.455,9.542
-15.64,-21.753,7.871
-14.967,-22.63,6.804
-15.605,-23.092,5.852
-13.73,-22.852,6.957
-17.354,-19.54,9.203
-17.779,-18.929,10.474
-19.296,-18.755,10.436
-19.972,-19.034,11.447
-17.088,-17.603,10.742
-17.758,-16.805,11.851
-15.608,-17.865,11.084
-19.825,-18.292,9.308
-21.296,-18.095,9.237
-22.037,-19.433,9.298
-23.038,-19.56,10.022
-21.725,-17.282,8.001
-23.298,-17.187,7.924
-21.073,-15.919,8.0
-21.569,-20.431,8.546
-22.162,-21.77,8.588
-22.178,-22.263,10.038
-23.172,-22.794,10.505
-21.376,-22.767,7.739
-21.601,-22.63,6.234
-20.582,-23.403,5.412
-23.025,-23.054,5.843
-21.064,-22.107,10.749
-20.982,-22.622,12.099
-21.831,-21.82,13.097
-22.376,-22.389,14.011
-19.529,-22.701,12.56
-19.322,-23.305,13.935
-19.77,-24.762,14.052
-20.269,-25.374,13.095
-19.59,-25.323,15.235
-21.942,-20.511,12.893
-22.821,-19.649,13.669
-24.253,-20.151,13.631
-24.9,-20.31,14.664
-22.738,-18.201,13.154
-21.396,-17.72,13.349
-23.728,-17.271,13.859
-24.723,-20.446,12.421
-26.094,-20.92,12.261
-26.254,-22.329,12.783
-27.318,-22.681,13.325
-26.532,-20.814,10.806
-27.033,-19.455,10.447
-28.37,-19.15,10.532
-26.148,-18.459,10.079
-28.823,-17.908,10.23
-26.599,-17.186,9.797
-27.942,-16.905,9.862
-25.228,-23.145,12.588
-25.233,-24.51,13.108
-25.396,-24.509,14.634
-26.229,-25.252,15.178
-23.939,-25.226,12.719
-23.859,-26.623,13.227
-24.265,-27.712,12.485
-23.445,-27.111,14.419
-24.089,-28.811,13.195
-23.6,-28.472,14.374
-24.603,-23.669,15.31
-24.675,-23.592,16.772
-26.024,-23.039,17.211
-26.506,-23.373,18.282
-23.538,-22.719,17.314
-22.166,-23.352,17.174
-21.073,-22.294,17.387
-22.037,-24.473,18.198
-26.606,-22.178,16.391
-27.942,-21.634,16.652
-29.076,-22.602,16.315
-30.231,-22.295,16.566
-28.121,-20.33,15.913
-28.75,-23.765,15.764
-29.717,-24.845,15.566
-30.127,-25.145,14.129
-31.048,-25.934,13.917
-29.457,-24.532,13.148
-29.708,-24.777,11.721
-28.508,-25.472,11.099
-27.519,-24.816,10.708
-29.893,-23.462,10.905
-30.3,-23.798,9.463
-30.912,-22.546,11.554
-28.612,-26.782,10.961
-27.497,-27.605,10.502
-27.451,-27.811,8.979
-26.423,-28.254,8.458
-27.55,-28.964,11.21
-27.561,-28.84,12.739
-27.429,-30.184,13.437
-27.6,-31.23,12.819
-27.114,-30.157,14.726
-28.541,-27.49,8.274
-28.61,-27.717,6.828
-27.745,-26.693,6.114
-28.122,-25.522,5.964
-30.068,-27.676,6.32
-30.191,-27.938,4.807
-29.174,-28.204,4.12
-31.324,-27.887,4.293
-26.567,-27.124,5.665
-25.647,-26.226,5.017
-26.229,-25.653,3.716
-25.856,-24.539,3.323
-24.294,-26.913,4.739
-27.132,-26.387,3.097
-27.787,-25.963,1.855
-28.683,-24.753,2.093
-28.829,-23.876,1.233
-28.614,-27.11,1.284
-27.749,-28.255,0.858
-26.52,-27.731,0.18
-26.632,-26.985,-0.794
-25.338,-28.059,0.714
-29.292,-24.725,3.268
-30.211,-23.647,3.644
-29.425,-22.382,4.023
-29.836,-21.259,3.709
-31.123,-24.106,4.796
-28.272,-22.541,4.668
-27.525,-21.394,5.171
-26.626,-20.798,4.097
-26.393,-19.587,4.092
-26.706,-21.759,6.383
-25.872,-20.549,6.848
-27.637,-22.252,7.52
-26.144,-21.633,3.17
-25.148,-21.193,2.159
-25.47,-19.858,1.477
-24.608,-18.976,1.416
-24.917,-22.287,1.103
-26.688,-19.698,0.971
-27.111,-18.456,0.303
-27.186,-17.248,1.256
-26.866,-16.13,0.865
-28.49,-18.806,-0.277
-28.88,-20.088,0.353
-27.655,-20.791,0.755
-27.558,-17.493,2.508
-27.611,-16.475,3.564
-26.204,-16.029,3.834
-25.911,-14.829,3.874
-28.292,-17.054,4.865
-29.769,-17.341,4.577
-28.176,-16.12,6.059
-30.476,-18.237,5.612
-25.299,-16.994,3.986
-23.903,-16.662,4.209
-23.288,-15.848,3.063
-22.513,-14.907,3.3
-23.097,-17.923,4.456
-23.591,-16.222,1.826
-23.093,-15.46,0.686
-23.606,-14.015,0.69
-22.83,-13.064,0.446
-23.507,-16.18,-0.623
-22.816,-17.535,-0.82
-21.334,-17.415,-1.102
-20.908,-16.296,-1.48
-20.601,-18.433,-0.958
-24.901,-13.813,0.967
-25.422,-12.444,1.044
-24.811,-11.65,2.181
-24.528,-10.462,2.026
-26.96,-12.398,1.098
-27.618,-12.571,-0.244
-29.095,-12.199,-0.26
-29.679,-11.882,0.794
-29.713,-12.225,-1.445
-24.569,-12.287,3.327
-23.929,-11.572,4.442
-22.495,-11.14,4.072
-22.053,-10.04,4.414
-23.93,-12.427,5.719
-25.311,-12.609,6.32
-25.308,-13.695,7.363
-25.797,-11.28,6.924
-21.792,-12.022,3.366
-20.422,-11.765,2.924
-20.372,-10.592,1.97
-19.526,-9.685,2.129
-19.806,-13.021,2.291
-18.368,-12.759,1.886
-17.337,-12.846,2.814
-18.047,-12.373,0.624
-16.017,-12.569,2.443
-16.739,-12.095,0.249
-15.731,-12.192,1.18
-14.425,-11.901,0.797
-21.299,-10.568,1.013
-21.401,-9.481,0.063
-21.885,-8.184,0.72
-21.328,-7.09,0.465
-22.317,-9.875,-1.098
-22.666,-8.766,-2.082
-23.529,-9.316,-3.233
-23.529,-8.414,-4.443
-23.847,-7.001,-4.147
-22.952,-8.253,1.504
-23.489,-7.054,2.151
-22.476,-6.343,3.041
-22.618,-5.137,3.289
-24.697,-7.397,3.026
-25.915,-7.812,2.25
-25.943,-7.769,0.984
-26.911,-8.16,2.944
-21.532,-7.087,3.61
-20.48,-6.497,4.458
-19.756,-5.355,3.786
-19.294,-4.459,4.479
-19.443,-7.535,4.862
-18.64,-7.17,6.097
-19.246,-7.028,7.333
-17.274,-7.008,6.006
-18.506,-6.719,8.452
-16.521,-6.673,7.164
-17.144,-6.559,8.353
-19.657,-5.385,2.464
-18.936,-4.35,1.736
-19.806,-3.152,1.381
-19.294,-2.112,0.975
-18.328,-4.922,0.466
-17.305,-5.87,0.779
